600000
600010
600011
600016
600019
600021
600026
600027
600028
600029
600030
600031
600036
600048
600050
600066
600089
600095
600096
600100
600103
600104
600105
600110
600111
600115
600118
600120
600135
600141
600143
600150
600151
600157
600160
600166
600170
600176
600179
600183
600184
600186
600198
600201
600203
600206
600219
600221
600246
600271
600276
600280
600295
600309
600312
600316
600330
600338
600340
600343
600345
600346
600353
600362
600363
600372
600376
600391
600392
600399
600406
600408
600410
600415
600416
600418
600426
600435
600438
600446
600456
600459
600460
600481
600482
600487
600489
600497
600498
600501
600506
600515
600516
600519
600522
600531
600537
600547
600549
600550
600552
600556
600562
600570
600577
600580
600584
600585
600587
600588
600589
600592
600595
600601
600619
600626
600629
600635
600637
600660
600667
600673
600678
600685
600690
600693
600699
600703
600704
600711
600728
600730
600733
600734
600736
600745
600748
600755
600756
600759
600760
600761
600765
600776
600783
600795
600797
600838
600839
600843
600855
600859
600862
600865
600869
600871
600875
600877
600879
600884
600887
600893
600895
600900
600909
600919
600938
600941
600958
600967
600973
600977
600986
600988
600989
600990
600998
600999
601006
601009
601012
601020
601058
601066
601069
601088
601099
601100
601106
601108
601111
601118
601127
601138
601162
601166
601168
601169
601179
601208
601211
601212
601216
601225
601229
601231
601233
601238
601288
601318
601319
601328
601336
601360
601377
601398
601399
601456
601519
601555
601567
601600
601601
601606
601608
601609
601611
601615
601618
601619
601628
601636
601658
601668
601669
601688
601689
601696
601698
601727
601728
601766
601778
601788
601816
601818
601857
601868
601869
601872
601881
601888
601890
601899
601901
601919
601929
601933
601939
601958
601969
601985
601988
601991
601995
601998
603008
603011
603019
603026
603063
603067
603077
603083
603119
603122
603123
603127
603131
603169
603185
603200
603228
603256
603259
603278
603296
603300
603305
603306
603308
603341
603399
603466
603501
603507
603528
603533
603596
603601
603608
603612
603626
603650
603659
603667
603678
603686
603690
603696
603698
603703
603712
603778
603799
603809
603859
603876
603881
603890
603893
603906
603920
603936
603986
603993
605090
605167
605358
605598
688002
688005
688008
688012
688017
688036
688037
688041
688072
688099
688102
688108
688110
688111
688120
688122
688126
688158
688169
688172
688183
688220
688223
688235
688249
688256
688270
688271
688313
688333
688347
688385
688387
688390
688396
688469
688472
688521
688523
688525
688568
688599
688629
688778
688981
