000001
000002
000021
000032
000034
000036
000039
000048
000060
000063
000066
000070
000078
000100
000155
000157
000158
000166
000333
000338
000400
000408
000420
000422
000425
000426
000505
000510
000519
000523
000528
000530
000536
000546
000547
000551
000555
000559
000561
000564
000566
000568
000572
000592
000603
000612
000617
000620
000625
000629
000630
000636
000650
000651
000657
000659
000665
000672
000678
000681
000683
000686
000688
000700
000703
000725
000729
000733
000735
000737
000738
000750
000758
000759
000762
000768
000776
000783
000792
000796
000801
000807
000810
000811
000816
000825
000830
000831
000833
000858
000859
000863
000878
000887
000892
000901
000905
000917
000932
000933
000936
000938
000952
000960
000962
000969
000973
000975
000977
000981
000987
000988
000997
001203
001208
001266
001267
001309
001330
001376
001696
001979
002001
002006
002008
002009
002010
002017
002023
002025
002027
002028
002029
002031
002036
002044
002046
002048
002050
002056
002064
002065
002067
002074
002080
002083
002085
002093
002094
002097
002104
002115
002117
002126
002129
002130
002131
002138
002142
002146
002149
002151
002152
002153
002155
002156
002157
002163
002167
002169
002171
002173
002176
002177
002179
002181
002182
002183
002185
002187
002192
002195
002196
002201
002202
002203
002204
002208
002210
002213
002217
002218
002222
002228
002230
002235
002236
002237
002240
002241
002243
002245
002246
002249
002250
002251
002254
002255
002256
002261
002264
002265
002268
002271
002272
002273
002276
002278
002279
002281
002284
002285
002292
002294
002297
002298
002300
002312
002317
002320
002324
002326
002335
002340
002342
002347
002352
002353
002354
002361
002363
002364
002366
002371
002373
002378
002383
002384
002389
002396
002400
002402
002405
002407
002409
002410
002413
002414
002415
002422
002426
002428
002429
002436
002444
002446
002451
002456
002459
002460
002463
002465
002466
002471
002472
002474
002475
002484
002487
002488
002490
002491
002493
002497
002501
002506
002512
002517
002518
002519
002527
002530
002532
002536
002537
002544
002549
002555
002558
002560
002565
002578
002579
002582
002583
002585
002590
002594
002596
002600
002601
002602
002607
002611
002617
002624
002625
002632
002639
002640
002643
002648
002651
002652
002654
002657
002659
002670
002682
002683
002697
002702
002703
002709
002714
002716
002728
002734
002735
002736
002738
002739
002741
002747
002752
002756
002757
002759
002765
002766
002773
002788
002792
002796
002797
002805
002812
002819
002829
002837
002842
002851
002865
002886
002897
002908
002916
002920
002922
002938
002939
002945
002957
002961
002969
002977
002985
002987
003009
003031
003039
003040
003816
300002
300003
300007
300008
300010
300012
300014
300015
300016
300017
300024
300033
300034
300035
300037
300043
300045
300053
300054
300058
300059
300062
300063
300065
300068
300071
300073
300082
300083
300085
300086
300095
300098
300100
300101
300102
300111
300115
300118
300123
300124
300129
300130
300131
300133
300136
300139
300140
300164
300170
300177
300189
300199
300201
300204
300207
300223
300227
300228
300229
300236
300238
300244
300250
300251
300252
300253
300260
300264
300265
300269
300274
300276
300285
300291
300296
300299
300300
300302
300308
300315
300316
300322
300323
300324
300328
300331
300337
300339
300342
300346
300347
300348
300352
300364
300368
300373
300377
300378
300383
300390
300394
300395
300397
300398
300408
300409
300413
300414
300416
300418
300421
300427
300429
300430
300432
300433
300436
300437
300438
300442
300446
300450
300451
300455
300456
300457
300458
300459
300468
300475
300476
300493
300496
300497
300499
300502
300503
300516
300520
300548
300552
300567
300568
300570
300573
300581
300589
300593
300595
300602
300604
300607
300612
300618
300620
300624
300627
300629
300632
300638
300652
300655
300657
300661
300666
300672
300678
300696
300699
300724
300726
300738
300747
300748
300750
300751
300757
300759
300760
300762
300765
300766
300769
300773
300774
300775
300777
300782
300785
300793
300801
300803
300821
300827
300840
300846
300850
300857
300884
300885
300887
300900
300903
300919
300963
300986
301005
301018
301050
301066
301078
301079
301087
301117
301123
301137
301150
301153
301165
301171
301183
301205
301217
301232
301236
301246
301292
301306
301308
301330
301358
301377
301408
301468
301486
301511
301517
301522
301526
301550
301611
